1.208341
1.255570
1.295681
1.302171
1.254910
1.285098
1.224023
1.253660
1.327236
1.330423
1.098988
1.065262
1.062158
1.258362
1.278095
1.270397
1.259961
1.245111
1.227255
1.190876
1.116091
1.069217
1.151809
1.162563
1.176014
0.972695
0.943848
0.887768
0.787926
0.894460
0.853254
0.837467
0.826734
0.821895
0.810465
0.803976
0.791426
0.784990
0.975116
0.939000
0.737077
0.714890
0.696604
0.680126
0.685906
0.685243
0.693427
0.696919
0.686297
0.491352
0.499685
0.452903
0.423198
0.559723
0.573179
0.567828
0.568418
0.556609
0.558224
0.580228
0.621483
0.588766
0.546915
0.508936
0.462102
0.393852
0.350757
0.343901
0.350346
0.335693
0.272501
0.344013
0.425075
0.303149
0.349905
0.416582
0.481686
0.303004
0.319221
0.334089
0.287036
0.241324
0.208601
0.162646
0.114734
0.070368
0.249514
0.188768
0.112735
0.068399
0.094610
0.139665
-0.052136
-0.041791
-0.012918
0.021595
0.062428
0.098653
0.124601
0.140165
0.228449
0.201019
0.187219
0.144642
0.104667
0.054542
0.224702
0.195652
0.135099
0.091562
0.208332
0.296951
0.386892
0.283773
0.333100
0.406950
0.470827
0.291133
0.309123
0.339064
0.540517
0.531423
0.502500
0.469887
0.440873
0.365707
0.327035
0.328175
0.331599
0.337747
0.401983
0.395035
0.551081
0.558283
0.553943
0.559059
0.556798
0.546341
0.535886
0.552490
0.625302
0.639411
0.630459
0.616571
0.650330
0.650620
0.662560
0.673271
0.686824
0.699381
0.774226
0.777589
0.779988
0.773863
0.769027
0.764180
0.760540
0.952752
0.970469
0.954040
1.045958
1.071013
1.091402
1.095975
1.108890
0.918766
0.876623
0.860171
0.873730
0.870309
0.953160
0.972774
1.194315
1.229067
1.232961
1.224518
1.210760
1.202851
1.208373
1.191995
1.266803
1.274874
1.298463
1.295507
1.317246
1.302172
1.297705
1.299646
1.332036
1.351317
1.358022
1.353394
1.348229
1.335328
1.332604
1.322790
1.312886
1.302367
1.292650
1.269491
1.207001
1.214506
1.214065
1.203997
1.235170
1.235084
1.243445
1.248391
1.234332
0.961928
0.896049
0.872705
0.863007
0.862958
1.075886
1.102636
1.106244
1.101231
1.085841
1.056870
0.993119
0.995714
0.987674
0.798740
0.776315
0.770563
0.759503
0.754199
0.755340
0.750690
0.695500
0.680060
0.666378
0.656451
0.651845
0.633859
0.624878
0.615446
0.634232
0.634577
0.552890
0.538243
0.530299
0.528702
0.534793
0.532588
0.540254
0.546009
0.409587
0.399990
0.354826
0.325063
0.309990
0.279475
0.302799
0.386771
0.408338
0.452939
0.492659
0.536608
0.367150
0.306658
0.254008
0.401567
0.396687
0.329451
0.266090
0.357817
0.306428
0.260576
0.102448
0.127232
0.185453
0.246534
0.308763
0.121255
0.136360
0.160600
0.192144
0.236219
0.234396
0.198052
0.177012
0.134730
0.093988
0.276036
0.242618
0.192640
0.131283
0.074535
0.216058
0.263606
0.321609
0.246501
0.296842
0.363302
0.432254
0.493002
0.311662
0.328035
0.479692
0.466811
0.433960
0.402070
0.404317
0.299397
0.285235
0.292334
0.301306
0.315888
0.361060
0.354533
0.504272
0.515698
0.514782
0.507835
0.517329
0.511768
0.503619
0.485653
0.757596
0.611362
0.601926
0.595609
0.596997
0.610023
0.609288
0.622109
0.631549
0.652178
0.708995
0.711801
0.714534
0.713628
0.712442
0.711776
0.913819
0.939406
0.945110
0.935340
1.021065
1.039117
1.058087
1.064519
1.075226
1.080828
1.073664
0.863919
0.820342
0.825612
1.124460
1.168864
1.183085
1.189952
1.188001
1.179487
1.171017
1.179755
1.176457
1.173185
1.238706
1.253000
1.261246
1.263209
1.266094
1.271109
1.251769
1.263653
1.266465
1.276954
1.280592
1.280198
1.280513
1.280843
1.276628
1.274085
1.272274
1.268858
1.256496
1.235305
1.192623
1.171870
1.173113
1.171467
1.178852
1.178830
1.177616
1.174770
1.175185
1.106756
0.858893
0.819423
0.805118
1.018208
1.051379
1.063559
1.068325
1.061572
1.052673
1.051040
0.960748
0.951768
0.950710
0.951724
0.755243
0.737110
0.700364
0.695516
0.692495
0.674606
0.636673
0.621719
0.610150
0.605935
0.591572
0.580074
0.574653
0.570391
0.570047
0.754307
0.529118
0.505958
0.497436
0.496662
0.486219
0.491400
0.496133
0.504462
0.528582
0.377580
0.329030
0.298895
0.265612
0.252395
0.372975
0.373476
0.365596
0.394470
0.428179
0.463821
0.327969
0.274146
0.428258
0.398315
0.355458
0.299334
0.348836
0.308660
0.263342
0.197831
0.074131
0.107864
0.161367
0.222137
0.284331
0.105927
0.119660
0.145952
0.175284
0.217026
0.212205
0.183607
0.160368
0.119150
0.082419
0.256099
0.220057
0.166006
0.112345
0.052544
0.153294
0.210268
0.259013
0.316218
0.275918
0.325049
0.391989
0.444887
0.280041
0.298454
0.419677
0.405897
0.375087
0.365468
0.369461
0.367449
0.272463
0.255829
0.267329
0.287022
0.321847
0.477831
0.489188
0.490442
0.480067
0.474262
0.483405
0.474713
0.467365
0.469350
0.693406
0.739887
0.579891
0.571210
0.562544
0.560709
0.560667
0.568991
0.571674
0.599444
0.645654
0.653872
0.654888
0.653863
0.653484
0.861473
0.892155
0.902801
0.904303
0.897178
0.982533
1.036063
1.019986
1.025179
1.018459
1.029317
1.026344
1.008610
0.795142
0.756573
1.056140
1.092402
1.110758
1.122269
1.126733
1.141203
1.141788
1.147336
1.146914
1.143883
1.194618
1.209965
1.212677
1.225766
1.226202
1.194318
1.222336
1.218398
1.205300
1.204595
1.208082
1.210031
1.216981
1.217316
1.217100
1.217041
1.222453
1.227013
1.230681
1.208675
1.162750
1.146686
1.126115
1.145564
1.138222
1.131744
1.112727
1.107425
1.100429
1.074663
0.790418
0.985954
0.998198
1.003613
1.008509
1.007363
1.010711
1.026161
1.025239
1.014717
0.920450
0.899474
0.895346
0.894608
0.898904
0.903675
0.692389
0.653726
0.640995
0.615397
0.583114
0.568021
0.558554
0.549107
0.543733
0.536540
0.530724
0.712361
0.734503
0.736669
0.511021
0.480717
0.460245
0.446695
0.448780
0.451415
0.462628
0.469701
0.496112
0.492360
0.320348
0.274888
0.239374
0.369518
0.369735
0.358698
0.351648
0.339102
0.371516
0.400236
0.292425
0.242874
0.378771
0.363764
0.319859
0.266054
0.287501
0.251326
0.212188
0.143994
0.225514
0.110092
0.148392
0.203812
0.261769
0.088353
0.104333
0.129601
0.160966
0.199361
0.191235
0.168399
0.143513
0.103058
0.067473
0.230852
0.200264
0.146710
0.102147
0.191523
0.111923
0.182281
0.208724
0.248061
0.234321
0.284094
0.345086
0.385615
0.418936
0.299689
0.372141
0.354023
0.332408
0.341747
0.348703
0.355080
0.377900
0.243641
0.243574
0.269342
0.456993
0.467429
0.464683
0.454431
0.443999
0.439757
0.423998
0.416724
0.429164
0.419487
0.643000
0.687026
0.701470
0.550557
0.529972
0.524303
0.524624
0.526714
0.524232
0.544968
0.591793
0.598744
0.605362
0.817575
0.845179
0.854082
0.856223
0.854668
0.851000
0.849290
0.936796
0.979833
0.979220
0.978865
0.960743
0.950891
0.952632
0.953524
0.965603
0.911192
1.028794
1.038022
1.042970
1.059717
1.072297
1.081053
1.085356
1.092645
1.099252
1.102370
1.191638
1.197488
1.189608
1.161892
1.133011
1.153326
1.143315
1.134669
1.125780
1.123687
1.105614
1.111440
1.119523
1.130890
1.137200
1.152285
1.173325
1.188084
1.200814
1.228371
1.127369
1.094697
1.077315
1.078151
1.065400
1.057223
1.046279
1.037171
1.020426
1.008553
0.962051
0.949539
0.942008
0.937914
0.938808
0.953406
0.957998
0.963615
0.967695
0.972465
0.878895
0.846429
0.840803
0.836019
0.842328
0.844024
0.849034
0.847053
0.628482
0.583768
0.534007
0.519978
0.512182
0.502478
0.497238
0.495005
0.675736
0.692966
0.701881
0.694153
0.629533
0.474706
0.417202
0.410545
0.410173
0.419047
0.430112
0.441082
0.458864
0.461787
0.282298
0.237871
0.210845
0.335428
0.339809
0.338086
0.332424
0.323364
0.315449
0.343026
0.261329
0.370074
0.344257
0.322393
0.287481
0.275532
0.236269
0.194996
0.190302
0.206292
0.203373
0.097526
0.129558
0.183670
0.235361
0.076021
0.086862
0.115412
0.148904
0.179272
0.173001
0.156356
0.125934
0.088070
0.056744
0.206560
0.176204
0.127886
0.080206
0.163177
0.192159
0.178832
0.158593
0.193904
0.233082
0.252905
0.289793
0.318264
0.353741
0.262928
0.307693
0.304221
0.309925
0.317845
0.323153
0.328277
0.349522
0.360111
0.227962
0.249491
0.422534
0.429129
0.426532
0.419076
0.406302
0.397628
0.390099
0.384097
0.375274
0.535467
0.632065
0.661789
0.678620
0.696284
0.706553
0.516449
0.498248
0.486247
0.483457
0.490587
0.547516
0.775538
0.804611
0.813641
0.811762
0.806932
0.804746
0.802478
0.816823
0.823617
0.916229
0.922528
0.926794
0.919932
0.916084
0.909486
0.892326
0.892917
0.871005
0.868131
0.958872
0.967420
0.977491
0.989138
0.993461
1.000928
1.007724
1.013838
1.025780
1.036105
1.141100
1.140618
1.137124
1.110692
1.088877
1.086791
1.069273
1.054293
1.041134
