0.991063 0.014109
0.986833 0.017212
0.981472 0.019822
0.974554 0.022665
0.965414 0.025934
0.957059 0.028684
0.947929 0.031453
0.938155 0.036782
0.928790 0.042853
0.916245 0.047393
0.903759 0.052000
0.888225 0.058685
0.873477 0.065591
0.854619 0.071303
0.837725 0.077697
0.819579 0.083690
0.798227 0.089549
0.776416 0.095049
0.752894 0.099469
0.731493 0.103291
0.712916 0.106433
0.694518 0.110096
0.678940 0.113641
0.662675 0.117265
0.648106 0.119847
0.634343 0.123328
0.618467 0.126693
0.600422 0.129488
0.579685 0.131706
0.557870 0.134879
0.534597 0.136688
0.511108 0.137848
0.488070 0.138895
0.465009 0.140164
0.441536 0.140627
0.421746 0.141016
0.399137 0.140918
0.380664 0.140704
0.360544 0.140118
0.341587 0.139942
0.321721 0.138743
0.300602 0.137420
0.279058 0.135272
0.259371 0.132771
0.237068 0.130109
0.217945 0.127256
0.196506 0.123409
0.177960 0.119278
0.159190 0.114169
0.142551 0.108764
0.127977 0.103940
0.115015 0.098134
0.103113 0.091391
0.093445 0.084884
0.083401 0.078593
0.076132 0.072217
0.065288 0.066253
0.058778 0.060974
0.050648 0.055035
0.045525 0.049687
0.038863 0.044205
0.032534 0.039072
0.028048 0.034072
0.022521 0.029365
0.018570 0.024834
0.014216 0.020813
0.011135 0.017108
0.007963 0.013484
0.005315 0.010598
0.003552 0.007330
0.002233 0.003931
0.002465 0.000824
0.002989 -0.002078
0.004925 -0.004949
0.007191 -0.008251
0.010017 -0.010803
0.014329 -0.012135
0.019485 -0.013732
0.025666 -0.014647
0.031606 -0.014967
0.039015 -0.014837
0.046622 -0.014179
0.055098 -0.013178
0.064179 -0.012481
0.073984 -0.011943
0.085688 -0.011157
0.097409 -0.009878
0.111094 -0.009174
0.124372 -0.008161
0.137694 -0.006890
0.151362 -0.005499
0.165464 -0.004023
0.179964 -0.003369
0.194275 -0.002220
0.208066 -0.000972
0.222784 -0.000235
0.236775 0.000943
0.251728 0.002238
0.266665 0.003056
0.282472 0.004841
0.298129 0.006532
0.316075 0.008311
0.333045 0.009561
0.351395 0.010669
0.369074 0.011534
0.388046 0.012548
0.406220 0.012832
0.424970 0.013812
0.444273 0.014363
0.463867 0.014838
0.481826 0.014518
0.500009 0.014939
0.520518 0.015645
0.540084 0.016031
0.559674 0.015620
0.576023 0.015913
0.591761 0.015622
0.607464 0.015260
0.619815 0.014940
0.634644 0.014745
0.650618 0.012928
0.666968 0.012218
0.685661 0.011833
0.704045 0.011580
0.724869 0.011052
0.744777 0.010754
0.765571 0.010285
0.784333 0.009860
0.801972 0.009688
0.816767 0.009318
0.829930 0.009188
0.841727 0.008316
0.850058 0.006130
0.859230 0.005010
0.869003 0.004376
0.877642 0.004018
0.886855 0.003980
0.898245 0.003112
0.909387 0.002230
0.918811 0.001608
0.926753 0.000609
0.934942 0.000626
0.943917 -0.000105
0.952050 -0.000348
0.961110 0.000253
0.969093 -0.000196
0.975627 0.000017
0.982689 -0.000900
0.991063 0.014109